3.640000000000000000e+02
2.654000000000000000e+03
3.831000000000000000e+03
4.246000000000000000e+03
3.298000000000000000e+03
2.881000000000000000e+03
4.313000000000000000e+03
4.113000000000000000e+03
1.252000000000000000e+03
4.665000000000000000e+03
2.629000000000000000e+03
1.198000000000000000e+03
3.358000000000000000e+03
3.007000000000000000e+03
2.039000000000000000e+03
1.719000000000000000e+03
2.539000000000000000e+03
4.773000000000000000e+03
1.767000000000000000e+03
2.482000000000000000e+03
5.760000000000000000e+02
1.397000000000000000e+03
4.639000000000000000e+03
2.174000000000000000e+03
3.579000000000000000e+03
3.470000000000000000e+02
4.523000000000000000e+03
4.786000000000000000e+03
1.879000000000000000e+03
3.977000000000000000e+03
2.498000000000000000e+03
8.160000000000000000e+02
6.000000000000000000e+00
1.332000000000000000e+03
9.910000000000000000e+02
1.371000000000000000e+03
3.182000000000000000e+03
4.442000000000000000e+03
3.946000000000000000e+03
8.150000000000000000e+02
4.460000000000000000e+02
1.758000000000000000e+03
2.474000000000000000e+03
3.338000000000000000e+03
3.365000000000000000e+03
1.364000000000000000e+03
7.100000000000000000e+02
3.363000000000000000e+03
5.710000000000000000e+02
2.390000000000000000e+03
