4.150000000000000000e+02
1.375000000000000000e+03
4.616000000000000000e+03
4.685000000000000000e+03
2.161000000000000000e+03
4.186000000000000000e+03
3.813000000000000000e+03
3.940000000000000000e+02
5.880000000000000000e+02
4.954000000000000000e+03
8.270000000000000000e+02
2.900000000000000000e+03
3.361000000000000000e+03
1.533000000000000000e+03
1.115000000000000000e+03
2.047000000000000000e+03
1.975000000000000000e+03
2.132000000000000000e+03
3.948000000000000000e+03
2.243000000000000000e+03
2.153000000000000000e+03
7.120000000000000000e+02
2.368000000000000000e+03
5.960000000000000000e+02
4.562000000000000000e+03
1.909000000000000000e+03
4.650000000000000000e+02
4.838000000000000000e+03
2.340000000000000000e+02
3.330000000000000000e+03
8.200000000000000000e+02
3.148000000000000000e+03
1.254000000000000000e+03
7.410000000000000000e+02
6.030000000000000000e+02
4.302000000000000000e+03
6.670000000000000000e+02
1.195000000000000000e+03
8.970000000000000000e+02
3.992000000000000000e+03
2.578000000000000000e+03
3.975000000000000000e+03
2.131000000000000000e+03
1.643000000000000000e+03
4.287000000000000000e+03
2.435000000000000000e+03
7.940000000000000000e+02
5.660000000000000000e+02
3.294000000000000000e+03
3.538000000000000000e+03
