4.345000000000000000e+03
2.146000000000000000e+03
1.529000000000000000e+03
5.930000000000000000e+02
8.220000000000000000e+02
4.453000000000000000e+03
6.700000000000000000e+02
4.534000000000000000e+03
7.010000000000000000e+02
9.640000000000000000e+02
9.890000000000000000e+02
4.495000000000000000e+03
4.299000000000000000e+03
2.460000000000000000e+03
1.431000000000000000e+03
3.524000000000000000e+03
2.003000000000000000e+03
1.907000000000000000e+03
3.437000000000000000e+03
3.839000000000000000e+03
3.061000000000000000e+03
1.657000000000000000e+03
3.744000000000000000e+03
4.170000000000000000e+03
1.758000000000000000e+03
9.460000000000000000e+02
3.031000000000000000e+03
4.646000000000000000e+03
2.925000000000000000e+03
4.053000000000000000e+03
1.106000000000000000e+03
1.916000000000000000e+03
4.154000000000000000e+03
4.244000000000000000e+03
3.032000000000000000e+03
1.762000000000000000e+03
2.035000000000000000e+03
2.531000000000000000e+03
6.100000000000000000e+01
2.760000000000000000e+03
4.966000000000000000e+03
4.118000000000000000e+03
3.908000000000000000e+03
8.400000000000000000e+01
5.620000000000000000e+02
3.286000000000000000e+03
4.776000000000000000e+03
2.873000000000000000e+03
3.423000000000000000e+03
2.589000000000000000e+03
