3.279000000000000000e+03
2.309000000000000000e+03
1.777000000000000000e+03
4.033000000000000000e+03
5.700000000000000000e+01
8.600000000000000000e+01
1.014000000000000000e+03
1.237000000000000000e+03
5.940000000000000000e+02
2.935000000000000000e+03
1.178000000000000000e+03
3.290000000000000000e+03
4.018000000000000000e+03
4.011000000000000000e+03
2.985000000000000000e+03
4.652000000000000000e+03
4.476000000000000000e+03
3.320000000000000000e+02
3.242000000000000000e+03
3.375000000000000000e+03
2.098000000000000000e+03
4.245000000000000000e+03
1.285000000000000000e+03
6.350000000000000000e+02
3.800000000000000000e+01
4.720000000000000000e+02
3.819000000000000000e+03
3.289000000000000000e+03
1.220000000000000000e+03
1.609000000000000000e+03
3.962000000000000000e+03
1.970000000000000000e+02
4.790000000000000000e+03
3.165000000000000000e+03
2.598000000000000000e+03
2.404000000000000000e+03
2.221000000000000000e+03
4.779000000000000000e+03
1.507000000000000000e+03
2.370000000000000000e+03
7.230000000000000000e+02
4.080000000000000000e+03
1.569000000000000000e+03
4.624000000000000000e+03
1.233000000000000000e+03
2.347000000000000000e+03
4.596000000000000000e+03
2.747000000000000000e+03
1.130000000000000000e+03
1.191000000000000000e+03
