3.914000000000000000e+03
4.029000000000000000e+03
4.890000000000000000e+03
2.053000000000000000e+03
2.237000000000000000e+03
2.821000000000000000e+03
6.650000000000000000e+02
4.355000000000000000e+03
2.188000000000000000e+03
4.295000000000000000e+03
3.923000000000000000e+03
3.807000000000000000e+03
1.858000000000000000e+03
2.134000000000000000e+03
9.330000000000000000e+02
2.451000000000000000e+03
1.710000000000000000e+03
2.301000000000000000e+03
2.108000000000000000e+03
2.234000000000000000e+03
4.523000000000000000e+03
3.563000000000000000e+03
3.858000000000000000e+03
6.910000000000000000e+02
1.145000000000000000e+03
3.613000000000000000e+03
6.350000000000000000e+02
6.920000000000000000e+02
4.228000000000000000e+03
2.126000000000000000e+03
2.412000000000000000e+03
2.208000000000000000e+03
4.943000000000000000e+03
3.487000000000000000e+03
1.150000000000000000e+02
2.524000000000000000e+03
2.143000000000000000e+03
4.619000000000000000e+03
1.889000000000000000e+03
5.150000000000000000e+02
2.539000000000000000e+03
1.644000000000000000e+03
1.013000000000000000e+03
3.706000000000000000e+03
1.170000000000000000e+02
4.122000000000000000e+03
1.556000000000000000e+03
3.542000000000000000e+03
9.200000000000000000e+02
3.072000000000000000e+03
