4.313000000000000000e+03
1.975000000000000000e+03
7.370000000000000000e+02
4.735000000000000000e+03
2.352000000000000000e+03
3.451000000000000000e+03
4.212000000000000000e+03
2.325000000000000000e+03
3.207000000000000000e+03
3.370000000000000000e+02
3.164000000000000000e+03
1.057000000000000000e+03
8.970000000000000000e+02
1.046000000000000000e+03
3.796000000000000000e+03
3.630000000000000000e+02
3.573000000000000000e+03
4.635000000000000000e+03
3.015000000000000000e+03
2.953000000000000000e+03
1.856000000000000000e+03
3.590000000000000000e+03
2.085000000000000000e+03
2.943000000000000000e+03
2.246000000000000000e+03
2.173000000000000000e+03
1.950000000000000000e+02
2.960000000000000000e+02
1.431000000000000000e+03
1.552000000000000000e+03
1.503000000000000000e+03
2.650000000000000000e+02
2.817000000000000000e+03
4.566000000000000000e+03
1.134000000000000000e+03
1.465000000000000000e+03
1.130000000000000000e+02
3.263000000000000000e+03
2.692000000000000000e+03
7.040000000000000000e+02
4.658000000000000000e+03
3.840000000000000000e+02
4.663000000000000000e+03
2.100000000000000000e+01
5.860000000000000000e+02
3.480000000000000000e+02
1.778000000000000000e+03
4.820000000000000000e+02
4.201000000000000000e+03
1.486000000000000000e+03
