2.283000000000000000e+03
2.046000000000000000e+03
5.350000000000000000e+02
2.193000000000000000e+03
1.441000000000000000e+03
9.900000000000000000e+01
4.493000000000000000e+03
3.270000000000000000e+03
4.031000000000000000e+03
1.537000000000000000e+03
2.858000000000000000e+03
4.336000000000000000e+03
3.634000000000000000e+03
4.984000000000000000e+03
3.598000000000000000e+03
1.640000000000000000e+03
3.437000000000000000e+03
1.301000000000000000e+03
3.887000000000000000e+03
9.970000000000000000e+02
1.422000000000000000e+03
2.974000000000000000e+03
1.393000000000000000e+03
3.856000000000000000e+03
2.295000000000000000e+03
4.838000000000000000e+03
4.378000000000000000e+03
3.170000000000000000e+02
2.292000000000000000e+03
3.721000000000000000e+03
1.648000000000000000e+03
1.180000000000000000e+03
3.921000000000000000e+03
3.767000000000000000e+03
8.730000000000000000e+02
1.838000000000000000e+03
1.993000000000000000e+03
2.715000000000000000e+03
1.920000000000000000e+03
3.516000000000000000e+03
3.762000000000000000e+03
6.510000000000000000e+02
3.687000000000000000e+03
4.955000000000000000e+03
4.897000000000000000e+03
3.776000000000000000e+03
4.092000000000000000e+03
9.070000000000000000e+02
2.050000000000000000e+02
2.210000000000000000e+03
