3.856000000000000000e+03
1.155000000000000000e+03
4.698000000000000000e+03
3.791000000000000000e+03
1.779000000000000000e+03
1.906000000000000000e+03
9.820000000000000000e+02
3.686000000000000000e+03
1.621000000000000000e+03
1.509000000000000000e+03
3.404000000000000000e+03
3.251000000000000000e+03
1.414000000000000000e+03
1.301000000000000000e+03
1.834000000000000000e+03
3.642000000000000000e+03
1.618000000000000000e+03
1.069000000000000000e+03
6.610000000000000000e+02
3.805000000000000000e+03
1.072000000000000000e+03
2.921000000000000000e+03
2.304000000000000000e+03
4.544000000000000000e+03
3.954000000000000000e+03
3.992000000000000000e+03
4.770000000000000000e+02
2.169000000000000000e+03
5.930000000000000000e+02
7.470000000000000000e+02
2.035000000000000000e+03
2.247000000000000000e+03
3.971000000000000000e+03
1.581000000000000000e+03
3.854000000000000000e+03
2.310000000000000000e+03
4.007000000000000000e+03
4.700000000000000000e+03
1.881000000000000000e+03
8.800000000000000000e+01
4.910000000000000000e+02
1.410000000000000000e+02
2.916000000000000000e+03
2.624000000000000000e+03
3.092000000000000000e+03
4.306000000000000000e+03
4.243000000000000000e+03
1.421000000000000000e+03
2.664000000000000000e+03
2.224000000000000000e+03
