4.444000000000000000e+03
2.224000000000000000e+03
3.723000000000000000e+03
2.670000000000000000e+02
8.730000000000000000e+02
2.589000000000000000e+03
4.990000000000000000e+02
2.375000000000000000e+03
2.511000000000000000e+03
4.559000000000000000e+03
3.893000000000000000e+03
8.310000000000000000e+02
2.601000000000000000e+03
3.830000000000000000e+03
2.610000000000000000e+03
3.040000000000000000e+03
4.640000000000000000e+02
1.395000000000000000e+03
3.571000000000000000e+03
1.470000000000000000e+02
1.511000000000000000e+03
1.548000000000000000e+03
1.870000000000000000e+03
1.897000000000000000e+03
2.722000000000000000e+03
3.168000000000000000e+03
1.746000000000000000e+03
2.761000000000000000e+03
9.940000000000000000e+02
2.684000000000000000e+03
3.556000000000000000e+03
4.940000000000000000e+02
4.478000000000000000e+03
3.025000000000000000e+03
3.111000000000000000e+03
1.513000000000000000e+03
3.993000000000000000e+03
4.314000000000000000e+03
4.780000000000000000e+02
2.494000000000000000e+03
4.341000000000000000e+03
4.030000000000000000e+03
1.563000000000000000e+03
1.752000000000000000e+03
1.981000000000000000e+03
3.385000000000000000e+03
5.080000000000000000e+02
1.794000000000000000e+03
2.750000000000000000e+02
1.260000000000000000e+03
