4.047000000000000000e+03
4.091000000000000000e+03
4.241000000000000000e+03
1.447000000000000000e+03
2.942000000000000000e+03
4.421000000000000000e+03
4.432000000000000000e+03
1.242000000000000000e+03
1.019000000000000000e+03
1.488000000000000000e+03
6.200000000000000000e+01
1.266000000000000000e+03
1.766000000000000000e+03
2.496000000000000000e+03
4.801000000000000000e+03
2.650000000000000000e+03
4.275000000000000000e+03
3.661000000000000000e+03
4.340000000000000000e+03
4.725000000000000000e+03
4.428000000000000000e+03
2.867000000000000000e+03
3.398000000000000000e+03
2.953000000000000000e+03
2.341000000000000000e+03
4.815000000000000000e+03
1.828000000000000000e+03
3.614000000000000000e+03
3.550000000000000000e+02
3.767000000000000000e+03
2.099000000000000000e+03
1.216000000000000000e+03
6.890000000000000000e+02
1.217000000000000000e+03
9.990000000000000000e+02
4.380000000000000000e+03
1.067000000000000000e+03
1.070000000000000000e+02
1.884000000000000000e+03
9.890000000000000000e+02
2.633000000000000000e+03
9.050000000000000000e+02
3.591000000000000000e+03
4.832000000000000000e+03
1.535000000000000000e+03
1.123000000000000000e+03
2.044000000000000000e+03
4.192000000000000000e+03
2.808000000000000000e+03
4.170000000000000000e+02
